62188
62174
164789
164790
164783
163661
163607
163609
163702
163675
163683
163763
60049
163706
163723
163668
163780
163752
163618
163654
163701
163797
163686
163731
163719
163749
163724
163679
163746
163753
163695
163643
163796
163764
163664
163775
163642
163697
163760
163737
163598
163636
163754
163756
163700
163782
163722
163628
163629
163744
163801
163822
163812
163715
163710
163806
163810
163711
163798
163821
163766
163707
163793
163669
163605
163765
163815
163735
163647
163626
163659
163667
164784